
strategic_region={
	id=6
	name="STRATEGICREGION_6"
	provinces={
		86 87 88 89 90 91 92 93 94 95 96 97 98 99 100 101 102 103 104 105 106 107 108 109 110 111 112 113 114 115 118 119 197 198 200 202 231 232 233 234 235 236 237 250 251 261 262 263 333 334 335 336 337 338 339 340 341 342 343 344 345 346 347 348 349 378 379 380 381 533 534 535 536 538 560 606 607 608 609 610 611 612 613 614 615 631 632 633 634 635 636 637 638 639 640 641 642 643 644 645 646 647 648 649 650 714 715 716 717 750 751 752 778 779 788 789 871 872 873 874 875 876 877 878 879 880 934 935 936 941 984 985 986 987 988 1012 1015 1104 1105 1106 1107 1108 1155 1156 1157 1158 1159 1166 1178 1203 1237 1238 1247 1248 1288 1289 1341 1342 1343 1349 1350 1351 1352 1353 1354 1355 1356 1357 1358 1375 1376 1378 1379 1390 1391 1420 1421 1422 1423 1424 1425 1435 1438 1439 1440 1441 1442 1461 1462 1463 1464 1465 1472 1488 1489 1503 1547 1548 1550 1597 1598 1613 1614 1651 1659 1662 1675 1695 1696 1697 1698 1700 1702 1714 1718 1727 1730 1734 1743 1744 1745 1753 1767 1768 1769 1774 1775 1787 1788 1805 1824 1831 1843 1845 1851 1852 1887 1894 1910 1911 1912 1913 1914 1920 1921 1922 1931 1932 1950 1951 1963 1972 1974 1977 1982 1995 1996 1997 1998 1999 2017 2018 2020 2039 2047 2053 2064 2074 2076 2084 2090 2091 2094 2111 2126 2146 2148 2166 2176 2190 2193 2195 2197 2198 2217 2220 2224 2235 2275 2278 2281 2282 2287 2308 2321 2322 2323 
	}
	weather={
	}
}
